Vector Kr : 
40
217
96
145
80
164
80
51
146
193
111
194
48
190
110
180
127
233
140
39
251
65
28
109
8
161
223
204
219
239
94
148
150
235
75
228
201
191
219
220
216
219
105
213
50
189
68
206
15
238
179
207
97
29
77
4
66
251
8
15
70
146
44
204
206
216
6
184
169
182
141
228
121
126
1
168
143
2
84
229
131
231
87
203
22
197
54
164
242
121
160
213
223
45
18
215
242
165
180
198
101
17
124
197
172
35
87
250
89
32
58
56
166
191
162
71
89
162
60
68
169
250
176
73
54
151
150
218
247
169
94
154
173
149
177
110
20
24
241
222
146
48
247
155
172
245
138
20
228
218
3
171
250
224
178
159
190
115
179
120
8
118
196
34
55
195
139
97
154
248
82
173
65
255
205
145
189
190
6
254
239
74
205
180
142
155
230
248
86
239
58
30
192
156
49
199
158
243
139
214
63
241
21
175
78
222
243
84
154
150
90
48
227
168
47
52
138
246
54
208
29
62
80
211
101
27
75
248
209
53
8
3
18
120
220
221
195
74
73
160
229
240
171
0
179
223
132
23
49
132
122
66
82
206
136
95
197
83
230
245
84
32
60
233
139
253
93
40
48
196
202
72
146
141
197
51
105
200
233
157
191
141
16
14
92
175
22
246
80
149
9
61
241
61
80
230
33
242
62
188
158
170
156
83
162
239
184
244
97
169
191
4
254
132
94
140
20
1
95
35
104
114
205
85
43
3
162
32
194
164
149
220
18
56
64
98
140
90
81
4
101
212
18
249
127
50
203
232
234
110
105
78
66
255
219
102
68
113
252
236
174
39
224
162
199
124
86
113
84
104
141
45
148
23
170
54
162
91
253
97
158
88
38
113
255
192
186
161
99
105
223
8
110
114
57
68
224
38
217
255
41
77
146
245
69
233
44
252
104
150
129
118
216
217
80
216
169
203
244
234
88
154
149
187
80
158
242
225
33
179
30
251
69
93
28
40
47
123
223
223
143
23
234
229
105
215
191
217
32
53
208
125
46
85
48
92
27
136
37
18
206
32
108
221
142
66
110
202
142
50
249
155
165
180
134
172
124
235
125
185
59
69
147
80
164
214
211
234
43
59
239
165
34
126
15
39
221
66
182
49
150
203
116
88
250
219
156
162
76
45
192
199
193
19
42
116
174
166
220
170
4
10
64
136
146
36
118
90
246
188
152
232
142
1
12
4
32
125
189
11
70
61
5
210
178
167
73
141
247
183
37
168
147
92
123
88
136
44
56
209
209
180
205
81
8
78
246
101
91
242
60
86
192
137
209
148
129
227
215
255
210
71
221
231
167
254
87
93
130
123
232
19
220
121
173
61
147
17
237
245
20
189
175
101
2
135
37
21
72
20
15
244
218
146
193
150
22
0
202
115
87
151
188
119
139
15
33
55
26
195
126
17
68
214
99
157
154
81
233
43
189
34
102
137
182
57
107
89
74
219
190
95
109
68
214
153
23
179
55
38
31
181
75
226
145
50
191
62
1
104
174
95
129
154
154
130
224
227
90
108
103
30
67
80
104
39
223
82
52
47
247
241
198
144
217
244
71
215
152
136
133
4
205
242
66
227
127
224
108
47
81
15
104
108
91
193
48
67
245
67
39
104
240
209
246
128
75
223
22
16
144
125
109
14
116
207
23
78
128
93
181
114
27
132
111
238
254
66
213
151
232
0
166
254
7
103
170
80
2
4
142
251
111
162
7
78
186
131
170
236
2
100
56
253
189
70
178
2
124
167
100
145
28
169
113
238
177
149
176
218
101
191
179
65
148
231
97
143
215
69
39
231
158
14
247
28
88
199
160
205
196
112
242
89
0
49
182
155
18
229
235
75
235
25
122
203
198
124
219
221
15
72
251
116
55
209
103
84
224
142
243
218
215
21
179
147
188
224
214
225
74
17
227
168
96
0
30
89
79
130
214
169
28
225
40
60
222
228
114
189
41
173
30
99
211
202
61
194
177
179
200
136
40
197
247
137
49
244
42
122
174
12
189
42
46
97
166
90
196
230
45
64
33
41
130
36
10
150
75
118
29
212
8
124
178
99
214
90
107
190
195
84
47
158
206
140
247
122
243
169
164
190
190
145
146
143
87
218
151
151
77
115
32
206
32
112
235
69
15
177
67
174
71
36
46
83
108
25
229
51
63
47
185
111
135
97
141
95
23
7
94
134
141
22
227
210
147
26
240
93
26
58
55
253
158
70
151
165
191
13
31
152
71
87
27
73
73
90
97
9
54
203
238
34
21
16
36
236
20
210
184
253
73
100
66
204
165
184
2
31
199
84
40
232
145
216
122
239
114
68
82
193
85
183
81
125
204
45
118
181
96
185
66
67
157
119
129
104
57
212
197
4
24
23
215
48
28
136
159
244
25
50
7
107
234
104
192
146
156
59
75
185
248
63
231
171
218
215
85
251
Vector Kc : 
139
90
75
237
128
0
239
53
29
164
211
29
39
30
223
221
62
18
38
204
17
135
166
168
197
195
65
48
198
105
169
207
14
40
154
188
187
5
206
43
249
159
27
198
239
60
67
242
139
71
12
25
124
224
62
198
61
71
221
44
249
114
47
57
40
67
221
174
84
36
147
211
229
234
199
129
60
94
152
48
240
22
176
123
89
64
189
135
214
148
229
63
90
136
196
50
57
211
50
17
73
0
11
181
36
113
183
106
60
193
77
18
139
108
157
231
176
104
144
101
226
20
92
179
0
43
114
244
122
146
248
45
17
30
191
122
230
202
67
50
12
88
253
138
200
42
101
98
246
214
187
9
228
235
188
190
241
136
248
240
116
80
19
79
147
61
162
48
58
111
191
111
15
227
32
126
97
56
183
47
74
173
147
209
177
147
31
35
189
224
170
202
246
238
85
131
248
51
164
9
182
65
236
65
150
164
47
63
12
21
211
209
97
55
195
38
100
241
234
67
159
208
156
45
226
135
255
93
110
131
130
79
18
79
189
207
67
226
38
205
34
155
32
169
130
37
126
190
158
38
182
245
225
235
201
37
233
14
64
59
234
237
129
15
150
34
66
129
195
204
6
43
57
247
7
156
15
153
122
125
154
133
237
215
78
77
149
121
220
47
52
212
100
139
2
159
194
4
200
81
90
228
13
238
245
39
173
122
159
159
26
86
55
239
8
28
77
215
80
77
106
165
82
4
21
20
170
86
218
158
42
94
214
74
206
102
149
120
182
176
50
169
148
125
2
197
50
17
30
58
114
152
109
239
17
43
220
122
165
206
213
96
189
18
93
43
130
183
128
24
17
54
222
193
194
141
144
191
242
11
243
253
2
202
115
235
82
208
123
226
102
60
104
241
194
91
124
74
7
171
36
125
241
114
9
22
121
22
41
78
151
200
190
148
64
77
236
109
16
15
31
166
55
197
163
62
226
226
254
224
232
148
51
213
158
246
237
163
101
117
107
182
61
28
77
146
86
129
234
155
250
122
232
223
117
144
123
7
199
137
104
127
237
75
95
225
50
178
159
225
207
7
159
248
213
38
143
74
173
158
106
219
243
40
120
174
231
124
19
69
125
89
254
147
153
48
223
132
171
103
1
98
8
61
109
20
69
112
78
82
75
246
80
56
216
195
243
29
146
252
73
27
12
131
77
115
144
96
120
246
158
207
152
131
170
38
178
187
46
100
255
42
36
179
199
18
172
52
7
112
242
135
5
198
192
76
251
43
187
169
187
162
22
182
15
62
127
167
151
47
219
225
40
122
125
221
34
24
95
45
90
245
13
33
162
178
200
116
193
30
10
74
122
24
219
224
249
60
140
53
190
120
204
50
138
54
240
83
42
245
111
234
13
176
174
58
13
108
240
86
241
137
242
181
26
237
191
129
47
164
214
236
21
138
19
120
58
95
141
175
215
142
161
150
55
128
159
61
162
108
169
21
94
199
205
177
144
151
21
243
9
179
229
14
181
23
136
46
215
237
208
146
52
216
157
25
56
26
73
255
159
128
40
37
251
179
71
59
240
59
120
19
228
253
29
226
118
114
103
14
122
201
47
169
195
201
45
194
54
47
244
5
111
90
230
70
35
109
237
76
80
148
171
122
151
67
115
249
171
30
179
114
85
206
232
108
186
72
229
172
156
190
179
59
157
178
130
140
133
20
44
181
66
232
25
211
92
188
55
4
115
161
51
236
101
157
89
169
63
85
112
210
51
177
124
45
219
27
172
121
90
74
53
230
174
135
130
99
73
165
149
148
71
60
54
207
203
108
215
183
122
219
43
0
116
165
86
167
173
245
249
116
198
53
142
132
28
7
68
84
213
166
29
30
170
231
71
57
197
86
55
251
254
238
199
7
255
236
72
13
121
163
122
229
58
5
120
129
40
115
125
110
106
98
25
130
85
186
102
21
239
8
140
6
204
232
122
170
23
33
244
239
10
247
207
206
195
66
243
9
226
136
225
151
136
251
187
35
91
73
54
187
67
229
70
221
234
150
144
108
177
176
188
208
136
79
39
96
250
68
88
208
243
72
78
52
185
53
198
188
56
9
29
178
132
157
162
96
35
222
145
73
54
56
239
171
105
187
112
110
43
26
80
129
131
36
48
72
244
130
68
37
184
205
176
96
11
8
4
171
14
196
85
254
16
81
17
121
211
246
66
97
89
84
201
134
156
219
41
153
209
130
151
41
105
130
29
215
189
174
7
207
87
227
22
87
235
61
157
197
78
133
105
179
187
61
138
153
229
232
138
211
154
92
228
84
205
67
211
137
11
229
189
189
95
116
144
144
242
61
21
211
162
230
183
100
105
248
217
104
236
101
169
248
50
196
90
185
129
225
50
176
108
52
252
136
209
27
85
102
217
162
150
42
91
46
0
242
103
230
45
89
204
69
220
102
116
131
125
128
ITER_MAX : 
1
